2
15
-12.5 24.581444432269592
12.5 0.4537699911142603
-12.5 18.588476627459144
12.5 14.694633514413766
3.923470135527239 -25.0
12.5 20.616774349011784
8.289517664266626 -25.0
12.5 -12.605828436346789
12.5 -1.564948928214271
12.5 22.082564741538818
-12.5 0.8719510044145835
12.5 10.990187966325706
10.303290707377279 -25.0
-9.358097673080437 25.0
-12.5 -2.402899199415277
20
-46.25530736081809 69.69
42.42 518.6253330549166
19.798285155211197 69.69
42.42 166.16740057617983
-133.7 708.1933834319171
12.015352617714875 69.69
-133.7 124.38402656309717
42.42 113.98389776041188
-133.7 127.12039996495923
27.324057553634127 777.0
-127.23160199663658 777.0
42.42 712.180391457269
-133.7 133.25526389587543
-133.7 88.84586109158482
-133.7 630.2613964269206
-133.7 482.4189982986889
42.42 332.1704710413993
-50.65893393295834 777.0
-133.7 340.2361267039792
42.42 468.839094040768
