1
15
595.1461537619098 -19.11714267834472
744.004157367241 -1.5509843774447347
988.1365165815125 156.99042344152548
733.4063884989355 138.227429067347
596.842837701789 -21.729806832031457
573.3245789710361 14.485135797381218
966.7642218446249 245.89299156277835
962.570875615006 252.3501785029125
670.7284672650159 -49.13677392661742
870.4130831217591 80.5399318554797
959.4597210937328 257.14093634723446
997.778487690789 198.13521020783912
813.6753242498179 190.35468544185318
951.1889265354808 269.8768431103949
649.6124725858225 83.81102380961774
